    0.00392972159683 
    0.07255145103812 
   -0.05718343326764 
    0.40124395536478 
   -0.02548823650614 
   -0.01741219015158 
   -0.17847089421811 
   -0.02473060237485 
    0.23522656940606 
   -0.00899758469128 
   -0.48029465148376 
    0.00003552471421 
    0.03074865100117 
   -0.63846362294430 
    0.01763195015758 
   -0.42959983974687 
    0.14112198800231 
    0.14142385375574 
    0.12543808698320 
   -0.59904353861017 
   -0.00616455277835 
   -0.04369685074638 
    0.03818869380505 
    0.86274269450134 
    0.03663581368958 
   -0.02634951614347 
   -0.53715952406848 
   -0.40259043698050 
   -0.70637406580308 
    0.05515070382906 
    0.18026008508991 
    0.31166862519877 
   -0.34435634538983 
    0.11432466193925 
   -0.05289202424553 
   -0.48911480180073 
   -0.00970072276182 
    0.62952635987435 
   -0.04902298809411 
   -0.06553742477511 
