   17.40858861537620 
   54.21781242069694 
   42.81290934312116 
   13.72058081894476 
   45.09579939334071 
   12.64275529859268 
   18.94739907522479 
   61.21907604010671 
   22.62865287712156 
  -63.28555942881610 
  -22.16807191857911 
  -71.33954447917642 
  -41.50708603397192 
  -20.98127101522145 
  -62.68824470770237 
   -4.89970378315043 
   49.03501895140085 
  -23.10441386667479 
   -7.53418049656435 
   -2.11652700032107 
  -36.65665225674525 
   55.82027654006379 
   60.39509054936416 
   -3.47711041375823 
   44.19038895108385 
  -50.65478065536099 
   19.85668594026680 
    9.76832981359983 
  -14.33545888247233 
   53.11533570583193 
  -49.51025600897510 
   -8.97419743807902 
   11.43793528554865 
  -49.82087933593918 
   58.41063408206213 
   14.24460044231441 
   38.09288545124282 
  -10.59997225083133 
  -46.41012916646631 
   59.40815864509808 
