    0.89327893014119 
    2.75982595215752 
   -1.65354523544736 
    3.31501510986105 
   -1.74833103708857 
    3.13737070280971 
    6.26811626273217 
    8.38821635139453 
    1.33332134300853 
   -1.22449187165738 
   -0.02981569760114 
   -3.04823566488127 
    8.89940001769786 
    6.90142878931809 
   -2.27852267392849 
    2.87457230203177 
    0.57509228591997 
    0.66914020034866 
    3.80759978092676 
    3.92625107732721 
    3.75626140907710 
    6.43610353023430 
    4.41781628815726 
    0.18075808127361 
   -4.08732404705574 
    2.16351006883776 
    1.47945662835939 
    6.10717858088223 
    0.47344793950108 
    1.44718413406118 
    0.87358163336121 
    3.34928721938480 
    2.42091167936806 
    5.50564719748770 
    5.30121830859272 
    0.02096005013228 
    0.07013409658697 
    4.68919722633482 
    4.17539246191282 
    6.65053490090640 
