    0.02553504875906 
   -0.00474561660752 
   -0.01745042877290 
    0.35023700424151 
   -0.03104143399832 
    0.00940771644015 
   -0.07679433105360 
   -0.01262804476682 
    0.00392324413441 
   -0.01966866948060 
   -0.01974846641550 
    0.01828368826785 
   -0.03864895592970 
    0.05571691963625 
   -0.00946433101693 
   -0.00693597858296 
    0.49438016324411 
    0.03522655723279 
    0.05886311052788 
    0.04798664814427 
   -0.05004316931017 
   -0.00431255427407 
   -0.05925347139333 
   -0.25301289333893 
    0.01859185005251 
   -0.00788589749740 
   -0.00132959241808 
   -0.08614186322082 
    0.04366894891881 
   -0.10272960521788 
    0.03694538083044 
    0.04193176562555 
    0.01020672040972 
   -0.03223367652543 
    0.00120635341120 
   -0.00286355825291 
   -0.30307280894439 
    0.30075586768556 
   -0.00392439861690 
    0.07030174426821 
