    2.88355386409509 
    2.02410329455159 
    5.12981091455846 
    2.03689636016205 
    6.58811408965822 
    1.36570012826759 
    1.08985086132632 
    4.41249969311370 
    4.01550507886385 
    1.35762538560882 
    4.48592678157536 
    7.42968793603230 
    1.65732542493276 
    5.09129955844229 
    5.56931876611357 
    4.96277636412508 
    3.48780458702994 
    5.66080849564053 
    3.70843870141241 
    1.70078274921916 
    2.54511196681811 
    0.38369185652086 
    3.03408993711095 
    1.44814911993244 
    1.92293918138940 
    4.01972661913601 
    2.25168680506701 
    2.89963750507201 
    4.96834987779174 
    4.57387062371063 
    4.28757308850640 
    1.45793844977861 
    1.34279464460291 
    3.78716064543058 
    6.63494219821227 
    7.78743666418976 
    0.59103234422856 
    2.29545305557906 
   -1.79606312602313 
    2.37304077672714 
