   62.01761547445150 
  -60.59996274108816 
   50.35039261514272 
   -3.93844227251316 
  -44.54928572168431 
  -42.54358644444559 
  -24.46204261589622 
   37.14500461529405 
   61.85046249358802 
   42.77779757149933 
  -68.11622727260568 
   33.78459336696253 
  -32.99119742808853 
   52.05358263774686 
  -69.29251134192421 
  -41.85578670091770 
   -5.27834520361859 
  -61.13045629484088 
   70.13322493509142 
   63.69064254936111 
  -21.16426324817274 
   24.74381987748168 
   24.81809182620226 
    3.43209474640929 
   42.22654710271414 
   19.52721322242160 
   -4.69357649424138 
  -30.61452142620604 
   23.78793200724007 
  -29.77493599880365 
  -51.71188511968247 
   56.90855603766009 
   73.17589877681263 
  -41.51412031270678 
   15.26600784498044 
   50.82373425344201 
    1.37411045086711 
   -4.30810495367142 
   71.96411284494498 
  -69.29019199922672 
