    5.32850578497073 
    6.30918252472362 
    4.49459801990233 
    4.38063977771221 
    3.09320050680958 
    4.11454230769190 
    1.09857683277448 
    1.86458997046486 
    5.69183280802708 
    6.25036058631544 
    2.62056006196909 
    1.18010868296990 
    1.21514119723437 
    1.14520798853336 
    1.40138891297987 
    3.98125591085426 
    1.28606169603288 
    4.13102925039845 
    4.09860749405160 
    3.67955572548317 
    3.75110632592656 
    4.95596792746658 
    5.60340969846344 
    1.21306944051206 
    0.86343835683587 
    5.64516671885978 
    3.35235265375196 
    3.44158322108115 
    2.30365662438402 
    3.74749423465417 
    3.88400923343321 
    4.99432258436835 
    4.28348121519507 
    2.48293553529598 
    0.15423055059067 
    5.35032642476019 
    0.94305563432132 
    3.67274749775388 
    5.38596727055286 
    3.66206523989822 
    5.84794645113141 
    4.37071782254762 
    3.91244708177394 
    1.03991788426237 
    0.29600875124645 
    1.52091675966202 
    1.73386868896046 
    1.26096861521268 
    3.06491826782552 
    5.70868883846448 
    4.10999037847680 
    2.05758953851947 
    1.33678934535797 
    0.71364781484772 
    3.43782609560169 
    2.01156148668283 
    5.43840658033590 
   -0.19415528726215 
    3.89595512951221 
    4.29391064301273 
    0.68788567602220 
    4.97876594285608 
    5.82378463538083 
   -0.06650535706345 
    4.65415422333409 
    2.11328532512826 
    3.57852099281828 
    2.18707183882845 
    4.15584648998887 
    5.42506833233051 
    3.44358682494589 
    1.64559845753750 
    5.15871173592826 
    0.76352423080979 
    2.88026294450382 
    2.52562743343824 
    4.89869180465609 
    0.70844243115038 
    4.57593954429926 
    5.20866548354102 
