    0.11946006427205 
    0.00799418307793 
   -0.01738848329489 
    0.21671834282601 
    0.02951034103440 
    0.20055879293669 
   -0.01849712250245 
   -0.04073324537348 
   -0.03148781937677 
    0.00680617606911 
    0.00078278982720 
   -0.01957123973392 
   -0.00070958427983 
    0.13381206318010 
   -0.00081990660476 
    0.02664545092077 
   -0.23638135181794 
    0.25554572850208 
   -0.13272389219651 
   -0.00284864245375 
    0.00297329986715 
    0.01753406966857 
    0.00043420019445 
   -0.02812013899256 
   -0.00022704319466 
   -0.03289035274395 
    0.01648904152595 
    0.00025019072424 
    0.05789869336187 
    0.05422276078201 
   -0.07313498930528 
    0.00207169370972 
   -0.04221822224218 
    0.01195461881437 
   -0.11278605555123 
    0.00117114916912 
    0.02792177204091 
   -0.00150742015754 
   -0.04837392124522 
   -0.02056573262240 
    0.00677274197702 
    0.00085653142509 
   -0.00048960856057 
    0.14740076425035 
    0.01193472602912 
   -0.06679627145385 
    0.04184376736408 
    0.00834776577855 
    0.01887717018331 
    0.02759027349004 
    0.00384660627761 
   -0.01276786486942 
    0.18057133331595 
    0.04032281663533 
    0.02939296567197 
   -0.04665407789528 
   -0.22417110722623 
    0.02062893831629 
    0.05563636214014 
    0.09710887724147 
   -0.03439502460278 
    0.29026220210505 
   -0.01288252243503 
    0.03701986903652 
    0.00385416934375 
    0.02615035287545 
    0.01657029197442 
    0.03859290453670 
   -0.00403257192541 
   -0.24069704052127 
    0.18620141337573 
   -0.02490022477534 
    0.02317148071019 
   -0.01094872455433 
    0.12930094733696 
    0.00195743920315 
    0.24663386819019 
   -0.02534933872706 
   -0.03921392451841 
   -0.17254837719192 
