   -2.64844290749810 
   57.97882372289437 
  -66.81570503157265 
    0.50910710079321 
   19.78462066627922 
  -22.06071681614693 
   31.53946826403412 
  -37.46125324057856 
   54.64315275073253 
  -67.87295989708083 
   51.72823157850130 
  -72.88862930396859 
   71.85335504459630 
   -1.98026327959172 
   59.87608551035206 
   55.01357072935254 
  -12.17311692072081 
  -10.23526766678603 
  -21.59921333514023 
  -64.85163915502454 
  -39.43335366191175 
  -20.26203010013925 
   67.90216519439622 
   38.83253105377775 
  -45.84621527230505 
   31.82763882891275 
  -39.78561952801881 
  -60.92567513768633 
  -51.58354044075317 
    1.37272665441956 
   23.94325421506794 
  -47.64542463530783 
   53.02768453589956 
  -67.86787193979943 
  -20.15327841896518 
   42.95071160992776 
   28.66303575545138 
  -62.92671342260920 
  -37.65314595286736 
  -30.57677339688146 
   -3.43448957985834 
  -49.63002349129873 
  -61.34733546714539 
  -17.14676630234547 
  -24.66941218536315 
   21.44927749308961 
   29.88661783291684 
  -27.39367483220134 
   37.83766393252653 
  -32.99126309805963 
   37.46981242322239 
   33.44568698664656 
   -5.96355994026855 
   37.27512209828638 
   66.96950112723458 
  -51.43243574155985 
    3.68372921829388 
  -72.91231933295299 
   37.14023578020265 
  -23.62742918122239 
  -67.19069393855749 
   -1.80803300932025 
   -3.65494867171706 
  -53.43052597807961 
   54.27979740507749 
  -72.89910840862672 
  -32.44012882368315 
  -36.31497058330419 
   40.59319324985754 
    4.84182487230942 
  -10.21992352913343 
  -35.18437705794803 
  -36.17959275705615 
   57.62725260022177 
   -7.86877666402819 
   46.72846946955591 
    9.05238565636822 
  -55.27627478947340 
   -2.07675877761679 
   15.44347213219932 
