  -28.28776472297385 
   57.02304190488017 
   45.34804157474541 
   -9.92772826449840 
  -57.89136878975808 
   20.08598492997823 
  -18.06074009589752 
  -25.49109921460070 
   30.99839471815297 
   13.45425247402811 
   44.95897050444428 
   43.00749240300668 
   -0.13255133153954 
  -29.49403151859121 
  -65.64430973069724 
   21.98888046932061 
   66.53382852897447 
   55.30058375818075 
   42.68276520361447 
  -27.42246309753420 
   66.22415691896335 
  -64.20959950241630 
  -48.42954699609320 
  -18.69120413084939 
  -18.96204359263816 
   66.83636444444265 
   24.65191203744559 
  -68.51495161508214 
  -22.59204122140123 
  -67.07562108631591 
   62.59265606933653 
   65.71423317082343 
  -50.05459525346164 
   -0.13403957240469 
  -11.89455733269202 
  -49.32872421228326 
   24.71379716319352 
   68.72293014047281 
  -14.34216134207030 
  -65.49407969274331 
    2.99161819922917 
  -16.30924279146353 
   16.43982924774230 
   25.81666281204313 
  -65.71228217846004 
  -64.99532780941524 
   53.82174152884690 
  -52.13499550994177 
  -41.70161496886102 
  -44.72594244935660 
  -18.93757038548152 
  -24.00589045072486 
   38.43133148953735 
    5.46406090709827 
   20.45003574639134 
  -51.65068805507743 
   64.49756535364745 
   44.65270011572851 
  -45.76953415301932 
  -62.27421796686849 
   11.99650027933955 
   65.11958659532613 
   66.17100230111433 
   -7.61496142540023 
  -66.82644003098190 
  -49.19162098196888 
   24.41239316550147 
  -52.99944087355546 
   18.05845359995228 
   27.73712520942558 
  -16.78059701474042 
   -0.13161258415055 
   26.87560853979913 
  -36.06312418975534 
   40.85771685873220 
  -24.04953472713415 
   31.30972182546140 
  -52.90736314718831 
   68.31383501545274 
  -43.42668305205483 
  -65.39972810371570 
  -26.99315877709507 
  -51.68128384141792 
   -5.03421235305676 
   21.39290969222040 
   28.79350677820258 
   -3.00285329999067 
   34.25355382876779 
  -19.88576208766614 
   30.61921269798593 
   47.82760871219488 
  -42.78613117465726 
   43.93719829711844 
   -3.16341244739296 
    6.90272566424369 
   -9.36081571645786 
  -32.36033662418026 
  -15.52090586606097 
  -25.99725439495290 
   63.13329839332587 
