    8.17229274222381 
   -4.08634264179145 
    0.33731611689512 
   22.17538776277812 
    2.31077950052553 
  -11.63048264837607 
   -4.22572234602863 
   -4.66978743909587 
    3.14569228604115 
   18.53868731956899 
    5.81681752800527 
    1.93838071323590 
   75.56545335696556 
   -9.38852682914851 
    5.61293731430239 
   -7.77778307739054 
   -3.95188478352184 
    4.43981560571343 
   -1.10314943652512 
   -3.30800723882048 
   -1.65080126894259 
   -0.65145901471245 
    2.06879144999288 
  -11.94503312343114 
    1.98392914719752 
    2.14222771316283 
    1.16132119402446 
    0.60713634262688 
   -8.98374734902332 
    4.06372550568920 
   -0.42087922302288 
    1.90252366109263 
    4.97836968056311 
   36.79563317271829 
  -16.78863475318392 
   -3.51129011961992 
   -3.83011622396072 
   -0.44120997070189 
   18.16882051032957 
   -1.49064499917247 
   28.95910925335238 
  -12.86715417716282 
   -9.28603617883001 
    5.98646267769375 
    2.36415051359031 
   -5.40338240204081 
    7.57109779369874 
    5.47232268206734 
    3.50096989579050 
    5.13015960816831 
    4.18653798108345 
    9.43781156974176 
    5.36899130270816 
  -24.95349135152831 
   -6.72359168514966 
    1.49210123419446 
   -0.36602761163189 
    4.47831071027287 
    4.63081330254422 
    0.45375909971230 
   15.23393692195178 
   -2.37129230488757 
   -0.59148561178660 
   25.69799484153946 
    1.67406000547414 
    4.22443568126978 
    5.17872728724287 
   -4.61649264166429 
    9.54562206572080 
   -8.18550050635084 
   -7.27897820332210 
  -62.56850850782525 
    3.88713950083052 
   -7.33247903769047 
   -6.68018548508621 
    2.23030600995583 
    3.29361909864392 
    5.84173842358368 
   -0.02011874974771 
    3.81450094211833 
    5.72003010058623 
   11.02973803415440 
    1.55535005092512 
  -30.05141550748769 
    9.89001477783790 
    3.97652978347942 
   16.49218243848005 
    8.73281281214731 
   10.47634353544433 
    9.10032793040260 
   -3.39427862710936 
   -5.91119606468740 
   -2.06338577257112 
    6.68317473719763 
  -19.13712074872640 
  -15.32273787034659 
    6.86880375637709 
  -12.73237292237133 
   -4.21327709087342 
   -0.28412011575370 
