   -0.84520480358758 
   12.20296114106966 
   -1.85940715353760 
    9.47171186909824 
   -7.60377376153208 
    2.37668632499196 
    8.24215000594568 
   -4.30198719385110 
    4.78586271998338 
   -0.79319860034305 
    8.58847987786653 
    8.18936183352324 
    7.94037833890443 
    2.37261838814683 
   -4.63718900357609 
    7.95987559834311 
    0.72071837971312 
    9.01760556403667 
    2.80052906696301 
   -5.83465844027148 
   12.43777084800875 
    1.05673811521751 
   -4.26041816930158 
    1.61202467330734 
    4.80249161851774 
   14.32005633927152 
    5.03629774516255 
   -4.62387259825247 
    1.33243789131710 
   -8.72496496304599 
    2.06689275473969 
    5.68041849296948 
    0.37947565630901 
    8.35346638719320 
    0.88527913910758 
   -1.18154482033130 
    0.62622637486762 
    7.69855718468259 
    4.04830372333204 
   -0.53770249405023 
    8.13850055868784 
    1.38268920212484 
    2.41343892177732 
   -2.39190866818657 
   -4.50438467640043 
   -0.58029858871945 
    9.05709889889136 
    2.61627468009096 
    0.66764862299509 
   -6.52629384880030 
    5.05288186209533 
   -0.33056844792430 
    8.96274864817829 
    4.11062136047256 
    7.68969007744074 
   -4.55525189258994 
    9.46635166751490 
    7.46510964433167 
   -7.10365809185721 
   -4.17391292053611 
    5.69162988875146 
    0.89687707590227 
    1.85615481274668 
    2.67058022131956 
    0.19252808655918 
    1.67988231104961 
    4.86976839672047 
   -1.40468747333165 
    5.16079223741357 
   13.38153404496017 
   -5.31518002141367 
   -3.31964827613384 
    3.56290468279326 
    2.83413927500920 
    4.75781077685251 
   -1.41798820605216 
    4.82217815236289 
   -5.01712828883351 
   10.48944969572895 
   -0.01367843144912 
   -6.91063192777347 
   -0.82803440465859 
    4.13013484805820 
    5.42249109909214 
    4.67856810481783 
    5.26116747639624 
    1.39961227141577 
    3.35657249950828 
   -1.40832008368587 
    9.97491276378471 
    3.34167023472094 
   -1.94316972301101 
    3.93999705175007 
   14.49150045292796 
   10.15027107176425 
   -6.04750851245897 
   -0.62435724102635 
    1.39640198010796 
    9.14790823535527 
   11.32786049001080 
