  128.07339052903623 
   -2.23780993279899 
    1.52574977557403 
   -4.53579772072519 
   18.90100852169643 
   -1.60340162505024 
    5.41577333907843 
    4.56981828446101 
   19.95583763907731 
    3.35805567190924 
    1.26352048069011 
   10.24211491714766 
   -2.13835183038217 
    5.84659729300816 
    1.09902549806289 
   -3.13820050710371 
   21.90842391897683 
  -20.90926089439697 
   -5.84563408925815 
    0.38561304134014 
   -1.93472868583144 
   -2.57835965374634 
    0.88150366542113 
    0.26233092146083 
    7.42383895047238 
   -6.18432221557164 
   -8.38093360346045 
   -7.46207545375511 
   19.31005853553766 
    7.15879957160184 
   -4.58367155909064 
  -12.62348882873156 
  -30.75064558698804 
    5.56291569138544 
   10.32146362142410 
  -11.73997829921019 
    3.63007807045401 
   14.79331891714007 
    7.07955479133308 
   15.42753381597888 
  -14.13178400499460 
    5.28301365272019 
    8.48187145519216 
   -6.22334851169832 
   -6.29395786196950 
  -17.55817425367860 
   -3.71044783963857 
   -1.21194420253469 
  -10.27467438280943 
   -7.25678635211396 
   24.60044134772974 
    6.17699374873387 
    5.35783669571188 
   -1.43897781329960 
  -39.76086428255353 
   16.00751538763588 
    4.55631443260629 
  -13.17829603760228 
   -0.38023910156802 
   -2.78209816122219 
    4.43888005909091 
    5.79882471147510 
    3.93202586217136 
   42.42596265722869 
    2.37662643119465 
  -10.77275797399341 
   -4.90540046053000 
    8.43231217549620 
   11.44164872953002 
   -3.30284577373730 
    0.78411434975650 
    2.42729702570356 
    9.69228759479861 
    3.43200826173359 
    9.02847654440970 
    9.02945293763880 
   10.57766983244846 
   -1.59603010167667 
    5.47953877801988 
    3.56781376455349 
