    0.74143170941715 
   -1.18489410738521 
   10.06820950940304 
    9.25351048784055 
    3.68794161530977 
   10.10555087059445 
   -4.41310404073692 
   -4.86949209889118 
   -1.71263040744627 
  -11.56146121664866 
    1.83712289390893 
    1.21289290534803 
    7.65754823188154 
    3.87897287858110 
    6.26351228912390 
    0.74253918263054 
    5.98503203326436 
    0.25998937205835 
    0.28047207079525 
    3.77475573037025 
    3.87731874410912 
    5.98271608956714 
    5.55971896011371 
   -5.83069223194697 
  -12.15795825596339 
    0.23870999761412 
   -1.57087661063030 
    4.30065945659441 
   -1.37341067353623 
   -5.16404559354018 
   11.18081311224834 
    8.46191578516957 
    6.18613809603414 
   -4.68927992126535 
    8.26405856440492 
   -0.33833568051141 
   18.29031887308902 
   12.34622247550016 
   -7.80157945106355 
    4.30816661619331 
    2.76480750432064 
    8.12846063951246 
    9.59475187530908 
    7.61127135735125 
    7.22735935268897 
    9.27790496941492 
   -5.63351698130308 
    6.25089978639584 
    8.67788646493710 
    3.41166055316494 
    7.35381031037477 
   -4.28085805609410 
   -5.30967946706585 
    1.60657421945722 
   11.66904205026403 
    5.84924980919307 
   -6.31059675412205 
  -13.13122872337989 
    5.76891550041738 
   12.40817947392299 
    3.42891822255355 
   -5.98924828465647 
   -4.17068443819093 
    7.44070028459612 
   18.82464923983366 
   -3.28256917435089 
    1.66736988190928 
    8.96174485432700 
   -2.69180002839756 
   -1.97449243395594 
    2.09889663519380 
   -5.29079466011185 
    0.74915945854643 
    2.30854301138509 
   -0.49174334173065 
    3.84028755742268 
    3.19671698314777 
    6.40912707902570 
   -6.08959903799297 
   -5.23375259301358 
