    0.03270130620914 
   27.09077683012744 
  -52.10555408013657 
  -26.69280552576759 
  -14.32839849112701 
  -50.81633937421100 
  -57.08808202467935 
  -57.28884095526343 
  -20.48021185552456 
  -66.74657537583313 
   31.80452412638840 
  -32.39475748607980 
   64.14070506687270 
   34.01085650685477 
   51.89498266966159 
   61.96257060985959 
   15.86756987776949 
  -11.94057679486056 
  -56.59976700193607 
  -53.90904748389822 
   61.19561719014715 
  -43.48240451970916 
   65.47632481595292 
  -66.54853493925019 
  -30.28595249245597 
   26.51138718962236 
  -43.80693498297190 
   49.27090709306709 
  -18.85684680808793 
  -65.68730178547435 
   61.56102080784453 
  -24.55276483285630 
   -8.16980546811669 
  -52.93128022172838 
   39.12150916442051 
   -7.20683420684241 
   66.25327775971220 
   11.55062415908628 
  -65.62312365674659 
   22.64783011004223 
  -27.92145559654498 
   49.78368691015745 
   39.80211361273923 
   30.66341826110899 
  -10.01123596578773 
    9.93581554381879 
  -66.65325990973251 
   39.24641598347823 
   14.34976059914553 
  -32.94513592793664 
   -2.43165651710886 
  -47.59956609705778 
  -57.96974024762842 
  -63.58137911202444 
   -4.00641567223294 
   13.05559122210281 
  -58.68828438484942 
   -6.53165692087076 
   41.50617988055125 
   64.00158731657503 
   37.11659007816440 
  -36.63973263950155 
  -40.34850133744649 
    5.28718924367973 
   64.44196429148680 
   10.51838147465376 
   17.46433955969383 
   44.83702006849118 
   -9.95992129728752 
  -54.52858655655903 
   53.40503093626369 
  -64.72157926562319 
  -35.69129476865726 
   37.75088494826483 
  -40.70221063318709 
   29.12695348784800 
   33.45803292471316 
   66.33797806853026 
  -50.60109806245190 
  -63.03710055692407 
